133, 0 10
1885, 0 10
2041, 0 10
2233, 0 10
3439, 0 10
5293, 0 10
5611, 0 10
6697, 0 10
7613, 0 10
8911, 0 10
9073, 0 10
12403, 0 10
12943, 0 10
16723, 0 10
29341, 0 10
30457, 0 10
32041, 0 10
32477, 0 10
41311, 0 10
45451, 0 10
49601, 0 10
50737, 0 10
57817, 0 10
62341, 0 10
68251, 0 10
69721, 0 10
70993, 0 10
75851, 0 10
79501, 0 10
81741, 0 10
81797, 0 10
89931, 0 10
90361, 0 10
101393, 0 10
110701, 0 10
128359, 0 10
173951, 0 10
182629, 0 10
185451, 0 10
188191, 0 10
197051, 0 10
216457, 0 11
229633, 0 10
253873, 0 10
253981, 0 10
256961, 0 10
265651, 0 10
269011, 0 10
273133, 0 10
276601, 0 10
282133, 0 10
290191, 0 10
294409, 0 10
302281, 0 10
309763, 0 10
314821, 0 10
328351, 0 10
339901, 0 10
366121, 0 10
382441, 0 10
399001, 0 10
408851, 0 10
416641, 0 11
417589, 0 10
426451, 0 10
456301, 0 10
466993, 0 10
476471, 0 10
512191, 0 10
518053, 0 10
520225, 0 10
587861, 0 11
597871, 0 11
610051, 0 10
650773, 0 10
657359, 0 10
657901, 0 10
675041, 0 10
682711, 0 10
691073, 0 10
723087, 0 10
729061, 0 10
752161, 0 10
765703, 0 10
767449, 0 10
784225, 0 11
795341, 0 10
804883, 0 10
806797, 0 10
850513, 0 10
876821, 0 10
914551, 0 10
932699, 0 10
952403, 0 10
