325, 0 01
377, 0 01
561, 0 01
1105, 0 01
1281, 0 01
1513, 0 01
1541, 0 01
1617, 0 01
1681, 0 01
2465, 0 01
2501, 0 01
2605, 0 01
2905, 0 01
3277, 0 01
4345, 0 01
5065, 0 01
6097, 0 01
6105, 0 01
9821, 0 01
12025, 0 01
12801, 0 01
13019, 0 01
13145, 0 01
14701, 0 01
15211, 0 01
15251, 0 01
15841, 0 01
16731, 0 01
17963, 0 01
18697, 0 01
19017, 0 01
19951, 0 01
26335, 0 01
26785, 0 01
28153, 0 01
29393, 0 01
30535, 0 01
31417, 0 01
33001, 0 01
34417, 0 01
35269, 0 01
36455, 0 01
37345, 0 01
38841, 0 01
46657, 0 01
49777, 0 01
53037, 0 01
53929, 0 01
56033, 0 01
58969, 0 01
61705, 0 01
62745, 0 01
64111, 0 01
65281, 0 01
69601, 0 01
71841, 0 01
74665, 0 01
74911, 0 01
81217, 0 01
83333, 0 01
83629, 0 01
85281, 0 01
88831, 0 01
90661, 0 01
90751, 0 01
91785, 0 01
102173, 0 01
102311, 0 01
103921, 0 01
104377, 0 01
105163, 0 01
110449, 0 01
111361, 0 01
112423, 0 01
113401, 0 01
114211, 0 01
115627, 0 01
115921, 0 01
135751, 0 01
136961, 0 01
139231, 0 01
144001, 0 01
144453, 0 01
146611, 0 01
149785, 0 01
151585, 0 01
155885, 0 01
158137, 0 01
159121, 0 01
162401, 0 01
163057, 0 01
166499, 0 01
189441, 0 01
196093, 0 01
197457, 0 01
206981, 0 01
216457, 0 11
221761, 0 01
227767, 0 01
236321, 0 01
240241, 0 01
246961, 0 01
250705, 0 01
252601, 0 01
256737, 0 01
263017, 0 01
267859, 0 01
270865, 0 01
276013, 0 01
283897, 0 01
286903, 0 01
295225, 0 01
307063, 0 01
307489, 0 01
315121, 0 01
316357, 0 01
319243, 0 01
326197, 0 01
327649, 0 01
337573, 0 01
340665, 0 01
341531, 0 01
346801, 0 01
348993, 0 01
360961, 0 01
388873, 0 01
396271, 0 01
399673, 0 01
410041, 0 01
416641, 0 11
451905, 0 01
510601, 0 01
525673, 0 01
530263, 0 01
530671, 0 01
534223, 0 01
542291, 0 01
556417, 0 01
558961, 0 01
569059, 0 01
577841, 0 01
581569, 0 01
582367, 0 01
587861, 0 11
597871, 0 11
607609, 0 01
613561, 0 01
616309, 0 01
625873, 0 01
626773, 0 01
645491, 0 01
645601, 0 01
692121, 0 01
710533, 0 01
730081, 0 01
753251, 0 01
778369, 0 01
784225, 0 11
786457, 0 01
814465, 0 01
818201, 0 01
840781, 0 01
844273, 0 01
859951, 0 01
862581, 0 01
873181, 0 01
884521, 0 01
890901, 0 01
902785, 0 01
916327, 0 01
941501, 0 01
944401, 0 01
954271, 0 01
968545, 0 01
973013, 0 01
990613, 0 01
994507, 0 01
